network-connect!
  807144121
network-connect!
  448531644
network-disconnect!
  815385823
network-disconnect!
  1067544513
user-online!
  276043342
user-available!
  62549057
  339533659
  609156999
  740120593
  1411874876
  1551151396
  1833278287
  1843821554
  2031837471
  2128619799
user-busy!
  1961085274
user-available!
  1377328975
  119981401
  738389440
  775465693
  785588405
  847720402
  873751833
  1067807426
  1635632935
  1772568259
user-away!
  671897900
user-available!
  503792123
  537333636
  685086157
  781581654
  1056776059
  1485135079
  1823926240
  1891702990
  2095574873
  2112413145
user-invisible!
  157798836
user-available!
  1243317902
  1323171572
  1476455369
  1570812338
  1642536363
  408335263
  572750991
  746780856
  820263756
  844645098
user-offline!
  1928997397
user-available!
  1234361241
  1256849710
  140572149
  1578796552
  1611670917
  1649949864
  2079557860
  395380489
  670328427
  726115074
